./make_experiments.sh
1 0.0001 25.112233333333332 6.2253121189936245
1 1e-05 94.94360000000002 7.55575353224283
1 1e-06 727.1537000000001 8.108591016734458
2 0.0001 14.704899999999999 4.0683490701593765
2 1e-05 119.48399999999998 14.487682368136044
2 1e-06 442.21009999999995 20.27122340552406
4 0.0001 15.225866666666667 3.4349401715637238
4 1e-05 107.23586666666665 5.5563176459074235
4 1e-06 391.5320666666667 5.334653102957016
8 0.0001 8.474366666666667 4.199247364971755
8 1e-05 70.07020000000001 13.839433414221359
8 1e-06 366.04273333333344 19.686037774580804
10 0.0001 7.036733333333333 2.6513171435261293
10 1e-05 56.56356666666667 10.485615231300875
10 1e-06 360.90843333333333 17.98821289934668
