
1 0.0001 31.554
1 0.0001 37.072
1 0.0001 36.222
1 0.00001 103.505
1 0.00001 92.359
1 0.00001 98.501
1 0.000001 740.941
1 0.000001 742.874
1 0.000001 746.851
2 0.0001 16.715
2 0.0001 16.802
2 0.0001 8.199
2 0.00001 57.440
2 0.00001 74.794
2 0.00001 46.657
2 0.000001 418.485
2 0.000001 457.815
2 0.000001 469.125
4 0.0001 24.572
4 0.0001 25.300
4 0.0001 12.281
4 0.00001 106.582
4 0.00001 96.916
4 0.00001 111.006
4 0.000001 409.824
4 0.000001 431.927
4 0.000001 415.493
8 0.0001 13.382
8 0.0001 8.472
8 0.0001 9.014
8 0.00001 79.364
8 0.00001 92.970
8 0.00001 76.932
8 0.000001 372.875
8 0.000001 370.046
8 0.000001 344.952
10 0.0001 16.351
10 0.0001 2.589
10 0.0001 7.906
10 0.00001 46.175
10 0.00001 71.202
10 0.00001 50.299
10 0.000001 365.928
10 0.000001 388.243
10 0.000001 360.337
