1 0.0001 27.20606666666667 4.217026202853802
1 1e-05 97.09553333333335 6.226131992033435
1 1e-06 723.5345 50.24634513258983
2 0.0001 15.658900000000001 3.991979511887972
2 1e-05 98.25403333333335 24.740560426801615
2 1e-06 442.3735333333334 3.982407544298912
4 0.0001 8.630866666666668 3.672376857325814
4 1e-05 99.35703333333332 13.015698481662657
4 1e-06 387.3490333333333 8.083229604076715
8 0.0001 7.678066666666666 2.8074125564694303
8 1e-05 71.00870000000002 12.583770442253519
8 1e-06 370.2255333333334 22.801931448502827
10 0.0001 8.106233333333332 4.488496345721534
10 1e-05 57.18623333333335 9.634571271151037
10 1e-06 355.13496666666674 30.596601833627798
